// Probe Locations
PROBE_ARR
( -1080.000 -183.529  000.000  )
( -1080.000 -183.529  008.504  )
( -1080.000 -183.529  017.008  )
( -1080.000 -183.529  025.512  )
( -1080.000 -183.529  034.016  )
( -1080.000 -183.529  042.520  )
( -1080.000 -183.529  051.024  )
( -1080.000 -183.529  059.528  )
( -1080.000 -183.529  068.031  )
( -1080.000 -183.529  076.535  )
( -1080.000 -183.529  085.039  )
( -1080.000 -183.529  093.543  )
( -1080.000 -183.529  102.047  )
( -1080.000 -183.529  110.551  )
( -1080.000 -183.529  119.055  )
( -1080.000 -183.529  127.559  )
( -1080.000 -183.529  136.063  )
( -1080.000 -183.529  144.567  )
( -1080.000 -183.529  153.071  )
( -1080.000 -183.529  161.575  )
( -1080.000 -183.529  170.079  )
( -1080.000 -183.529  178.583  )
( -1080.000 -183.529  187.087  )
( -1080.000 -183.529  195.591  )
( -1080.000 -183.529  204.094  )
( -1080.000 -183.529  212.598  )
( -1080.000 -183.529  221.102  )
( -1080.000 -183.529  229.606  )
( -1080.000 -183.529  238.110  )
( -1080.000 -183.529  246.614  )
( -1080.000 -183.529  255.118  )
( -1080.000 -183.529  263.622  )
( -1080.000 -183.529  272.126  )
( -1080.000 -183.529  280.630  )
( -1080.000 -183.529  289.134  )
( -1080.000 -183.529  297.638  )
( -1080.000 -183.529  306.142  )
( -1080.000 -183.529  314.646  )
( -1080.000 -183.529  323.150  )
( -1080.000 -183.529  331.654  )
( -1080.000 -183.529  340.157  )
( -1080.000 -183.529  348.661  )
( -1080.000 -183.529  357.165  )
( -1080.000 -183.529  365.669  )
( -1080.000 -176.471  000.000  )
( -1080.000 -176.471  008.504  )
( -1080.000 -176.471  017.008  )
( -1080.000 -176.471  025.512  )
( -1080.000 -176.471  034.016  )
( -1080.000 -176.471  042.520  )
( -1080.000 -176.471  051.024  )
( -1080.000 -176.471  059.528  )
( -1080.000 -176.471  068.031  )
( -1080.000 -176.471  076.535  )
( -1080.000 -176.471  085.039  )
( -1080.000 -176.471  093.543  )
( -1080.000 -176.471  102.047  )
( -1080.000 -176.471  110.551  )
( -1080.000 -176.471  119.055  )
( -1080.000 -176.471  127.559  )
( -1080.000 -176.471  136.063  )
( -1080.000 -176.471  144.567  )
( -1080.000 -176.471  153.071  )
( -1080.000 -176.471  161.575  )
( -1080.000 -176.471  170.079  )
( -1080.000 -176.471  178.583  )
( -1080.000 -176.471  187.087  )
( -1080.000 -176.471  195.591  )
( -1080.000 -176.471  204.094  )
( -1080.000 -176.471  212.598  )
( -1080.000 -176.471  221.102  )
( -1080.000 -176.471  229.606  )
( -1080.000 -176.471  238.110  )
( -1080.000 -176.471  246.614  )
( -1080.000 -176.471  255.118  )
( -1080.000 -176.471  263.622  )
( -1080.000 -176.471  272.126  )
( -1080.000 -176.471  280.630  )
( -1080.000 -176.471  289.134  )
( -1080.000 -176.471  297.638  )
( -1080.000 -176.471  306.142  )
( -1080.000 -176.471  314.646  )
( -1080.000 -176.471  323.150  )
( -1080.000 -176.471  331.654  )
( -1080.000 -176.471  340.157  )
( -1080.000 -176.471  348.661  )
( -1080.000 -176.471  357.165  )
( -1080.000 -176.471  365.669  )
( -1080.000 -169.412  000.000  )
( -1080.000 -169.412  008.504  )
( -1080.000 -169.412  017.008  )
( -1080.000 -169.412  025.512  )
( -1080.000 -169.412  034.016  )
( -1080.000 -169.412  042.520  )
( -1080.000 -169.412  051.024  )
( -1080.000 -169.412  059.528  )
( -1080.000 -169.412  068.031  )
( -1080.000 -169.412  076.535  )
( -1080.000 -169.412  085.039  )
( -1080.000 -169.412  093.543  )
( -1080.000 -169.412  102.047  )
( -1080.000 -169.412  110.551  )
( -1080.000 -169.412  119.055  )
( -1080.000 -169.412  127.559  )
( -1080.000 -169.412  136.063  )
( -1080.000 -169.412  144.567  )
( -1080.000 -169.412  153.071  )
( -1080.000 -169.412  161.575  )
( -1080.000 -169.412  170.079  )
( -1080.000 -169.412  178.583  )
( -1080.000 -169.412  187.087  )
( -1080.000 -169.412  195.591  )
( -1080.000 -169.412  204.094  )
( -1080.000 -169.412  212.598  )
( -1080.000 -169.412  221.102  )
( -1080.000 -169.412  229.606  )
( -1080.000 -169.412  238.110  )
( -1080.000 -169.412  246.614  )
( -1080.000 -169.412  255.118  )
( -1080.000 -169.412  263.622  )
( -1080.000 -169.412  272.126  )
( -1080.000 -169.412  280.630  )
( -1080.000 -169.412  289.134  )
( -1080.000 -169.412  297.638  )
( -1080.000 -169.412  306.142  )
( -1080.000 -169.412  314.646  )
( -1080.000 -169.412  323.150  )
( -1080.000 -169.412  331.654  )
( -1080.000 -169.412  340.157  )
( -1080.000 -169.412  348.661  )
( -1080.000 -169.412  357.165  )
( -1080.000 -169.412  365.669  )
( -1080.000 -162.353  000.000  )
( -1080.000 -162.353  008.504  )
( -1080.000 -162.353  017.008  )
( -1080.000 -162.353  025.512  )
( -1080.000 -162.353  034.016  )
( -1080.000 -162.353  042.520  )
( -1080.000 -162.353  051.024  )
( -1080.000 -162.353  059.528  )
( -1080.000 -162.353  068.031  )
( -1080.000 -162.353  076.535  )
( -1080.000 -162.353  085.039  )
( -1080.000 -162.353  093.543  )
( -1080.000 -162.353  102.047  )
( -1080.000 -162.353  110.551  )
( -1080.000 -162.353  119.055  )
( -1080.000 -162.353  127.559  )
( -1080.000 -162.353  136.063  )
( -1080.000 -162.353  144.567  )
( -1080.000 -162.353  153.071  )
( -1080.000 -162.353  161.575  )
( -1080.000 -162.353  170.079  )
( -1080.000 -162.353  178.583  )
( -1080.000 -162.353  187.087  )
( -1080.000 -162.353  195.591  )
( -1080.000 -162.353  204.094  )
( -1080.000 -162.353  212.598  )
( -1080.000 -162.353  221.102  )
( -1080.000 -162.353  229.606  )
( -1080.000 -162.353  238.110  )
( -1080.000 -162.353  246.614  )
( -1080.000 -162.353  255.118  )
( -1080.000 -162.353  263.622  )
( -1080.000 -162.353  272.126  )
( -1080.000 -162.353  280.630  )
( -1080.000 -162.353  289.134  )
( -1080.000 -162.353  297.638  )
( -1080.000 -162.353  306.142  )
( -1080.000 -162.353  314.646  )
( -1080.000 -162.353  323.150  )
( -1080.000 -162.353  331.654  )
( -1080.000 -162.353  340.157  )
( -1080.000 -162.353  348.661  )
( -1080.000 -162.353  357.165  )
( -1080.000 -162.353  365.669  )
( -1080.000 -155.294  000.000  )
( -1080.000 -155.294  008.504  )
( -1080.000 -155.294  017.008  )
( -1080.000 -155.294  025.512  )
( -1080.000 -155.294  034.016  )
( -1080.000 -155.294  042.520  )
( -1080.000 -155.294  051.024  )
( -1080.000 -155.294  059.528  )
( -1080.000 -155.294  068.031  )
( -1080.000 -155.294  076.535  )
( -1080.000 -155.294  085.039  )
( -1080.000 -155.294  093.543  )
( -1080.000 -155.294  102.047  )
( -1080.000 -155.294  110.551  )
( -1080.000 -155.294  119.055  )
( -1080.000 -155.294  127.559  )
( -1080.000 -155.294  136.063  )
( -1080.000 -155.294  144.567  )
( -1080.000 -155.294  153.071  )
( -1080.000 -155.294  161.575  )
( -1080.000 -155.294  170.079  )
( -1080.000 -155.294  178.583  )
( -1080.000 -155.294  187.087  )
( -1080.000 -155.294  195.591  )
( -1080.000 -155.294  204.094  )
( -1080.000 -155.294  212.598  )
( -1080.000 -155.294  221.102  )
( -1080.000 -155.294  229.606  )
( -1080.000 -155.294  238.110  )
( -1080.000 -155.294  246.614  )
( -1080.000 -155.294  255.118  )
( -1080.000 -155.294  263.622  )
( -1080.000 -155.294  272.126  )
( -1080.000 -155.294  280.630  )
( -1080.000 -155.294  289.134  )
( -1080.000 -155.294  297.638  )
( -1080.000 -155.294  306.142  )
( -1080.000 -155.294  314.646  )
( -1080.000 -155.294  323.150  )
( -1080.000 -155.294  331.654  )
( -1080.000 -155.294  340.157  )
( -1080.000 -155.294  348.661  )
( -1080.000 -155.294  357.165  )
( -1080.000 -155.294  365.669  )
( -1080.000 -148.235  000.000  )
( -1080.000 -148.235  008.504  )
( -1080.000 -148.235  017.008  )
( -1080.000 -148.235  025.512  )
( -1080.000 -148.235  034.016  )
( -1080.000 -148.235  042.520  )
( -1080.000 -148.235  051.024  )
( -1080.000 -148.235  059.528  )
( -1080.000 -148.235  068.031  )
( -1080.000 -148.235  076.535  )
( -1080.000 -148.235  085.039  )
( -1080.000 -148.235  093.543  )
( -1080.000 -148.235  102.047  )
( -1080.000 -148.235  110.551  )
( -1080.000 -148.235  119.055  )
( -1080.000 -148.235  127.559  )
( -1080.000 -148.235  136.063  )
( -1080.000 -148.235  144.567  )
( -1080.000 -148.235  153.071  )
( -1080.000 -148.235  161.575  )
( -1080.000 -148.235  170.079  )
( -1080.000 -148.235  178.583  )
( -1080.000 -148.235  187.087  )
( -1080.000 -148.235  195.591  )
( -1080.000 -148.235  204.094  )
( -1080.000 -148.235  212.598  )
( -1080.000 -148.235  221.102  )
( -1080.000 -148.235  229.606  )
( -1080.000 -148.235  238.110  )
( -1080.000 -148.235  246.614  )
( -1080.000 -148.235  255.118  )
( -1080.000 -148.235  263.622  )
( -1080.000 -148.235  272.126  )
( -1080.000 -148.235  280.630  )
( -1080.000 -148.235  289.134  )
( -1080.000 -148.235  297.638  )
( -1080.000 -148.235  306.142  )
( -1080.000 -148.235  314.646  )
( -1080.000 -148.235  323.150  )
( -1080.000 -148.235  331.654  )
( -1080.000 -148.235  340.157  )
( -1080.000 -148.235  348.661  )
( -1080.000 -148.235  357.165  )
( -1080.000 -148.235  365.669  )
( -1080.000 -141.176  000.000  )
( -1080.000 -141.176  008.504  )
( -1080.000 -141.176  017.008  )
( -1080.000 -141.176  025.512  )
( -1080.000 -141.176  034.016  )
( -1080.000 -141.176  042.520  )
( -1080.000 -141.176  051.024  )
( -1080.000 -141.176  059.528  )
( -1080.000 -141.176  068.031  )
( -1080.000 -141.176  076.535  )
( -1080.000 -141.176  085.039  )
( -1080.000 -141.176  093.543  )
( -1080.000 -141.176  102.047  )
( -1080.000 -141.176  110.551  )
( -1080.000 -141.176  119.055  )
( -1080.000 -141.176  127.559  )
( -1080.000 -141.176  136.063  )
( -1080.000 -141.176  144.567  )
( -1080.000 -141.176  153.071  )
( -1080.000 -141.176  161.575  )
( -1080.000 -141.176  170.079  )
( -1080.000 -141.176  178.583  )
( -1080.000 -141.176  187.087  )
( -1080.000 -141.176  195.591  )
( -1080.000 -141.176  204.094  )
( -1080.000 -141.176  212.598  )
( -1080.000 -141.176  221.102  )
( -1080.000 -141.176  229.606  )
( -1080.000 -141.176  238.110  )
( -1080.000 -141.176  246.614  )
( -1080.000 -141.176  255.118  )
( -1080.000 -141.176  263.622  )
( -1080.000 -141.176  272.126  )
( -1080.000 -141.176  280.630  )
( -1080.000 -141.176  289.134  )
( -1080.000 -141.176  297.638  )
( -1080.000 -141.176  306.142  )
( -1080.000 -141.176  314.646  )
( -1080.000 -141.176  323.150  )
( -1080.000 -141.176  331.654  )
( -1080.000 -141.176  340.157  )
( -1080.000 -141.176  348.661  )
( -1080.000 -141.176  357.165  )
( -1080.000 -141.176  365.669  )
( -1080.000 -134.118  000.000  )
( -1080.000 -134.118  008.504  )
( -1080.000 -134.118  017.008  )
( -1080.000 -134.118  025.512  )
( -1080.000 -134.118  034.016  )
( -1080.000 -134.118  042.520  )
( -1080.000 -134.118  051.024  )
( -1080.000 -134.118  059.528  )
( -1080.000 -134.118  068.031  )
( -1080.000 -134.118  076.535  )
( -1080.000 -134.118  085.039  )
( -1080.000 -134.118  093.543  )
( -1080.000 -134.118  102.047  )
( -1080.000 -134.118  110.551  )
( -1080.000 -134.118  119.055  )
( -1080.000 -134.118  127.559  )
( -1080.000 -134.118  136.063  )
( -1080.000 -134.118  144.567  )
( -1080.000 -134.118  153.071  )
( -1080.000 -134.118  161.575  )
( -1080.000 -134.118  170.079  )
( -1080.000 -134.118  178.583  )
( -1080.000 -134.118  187.087  )
( -1080.000 -134.118  195.591  )
( -1080.000 -134.118  204.094  )
( -1080.000 -134.118  212.598  )
( -1080.000 -134.118  221.102  )
( -1080.000 -134.118  229.606  )
( -1080.000 -134.118  238.110  )
( -1080.000 -134.118  246.614  )
( -1080.000 -134.118  255.118  )
( -1080.000 -134.118  263.622  )
( -1080.000 -134.118  272.126  )
( -1080.000 -134.118  280.630  )
( -1080.000 -134.118  289.134  )
( -1080.000 -134.118  297.638  )
( -1080.000 -134.118  306.142  )
( -1080.000 -134.118  314.646  )
( -1080.000 -134.118  323.150  )
( -1080.000 -134.118  331.654  )
( -1080.000 -134.118  340.157  )
( -1080.000 -134.118  348.661  )
( -1080.000 -134.118  357.165  )
( -1080.000 -134.118  365.669  )
( -1080.000 -127.059  000.000  )
( -1080.000 -127.059  008.504  )
( -1080.000 -127.059  017.008  )
( -1080.000 -127.059  025.512  )
( -1080.000 -127.059  034.016  )
( -1080.000 -127.059  042.520  )
( -1080.000 -127.059  051.024  )
( -1080.000 -127.059  059.528  )
( -1080.000 -127.059  068.031  )
( -1080.000 -127.059  076.535  )
( -1080.000 -127.059  085.039  )
( -1080.000 -127.059  093.543  )
( -1080.000 -127.059  102.047  )
( -1080.000 -127.059  110.551  )
( -1080.000 -127.059  119.055  )
( -1080.000 -127.059  127.559  )
( -1080.000 -127.059  136.063  )
( -1080.000 -127.059  144.567  )
( -1080.000 -127.059  153.071  )
( -1080.000 -127.059  161.575  )
( -1080.000 -127.059  170.079  )
( -1080.000 -127.059  178.583  )
( -1080.000 -127.059  187.087  )
( -1080.000 -127.059  195.591  )
( -1080.000 -127.059  204.094  )
( -1080.000 -127.059  212.598  )
( -1080.000 -127.059  221.102  )
( -1080.000 -127.059  229.606  )
( -1080.000 -127.059  238.110  )
( -1080.000 -127.059  246.614  )
( -1080.000 -127.059  255.118  )
( -1080.000 -127.059  263.622  )
( -1080.000 -127.059  272.126  )
( -1080.000 -127.059  280.630  )
( -1080.000 -127.059  289.134  )
( -1080.000 -127.059  297.638  )
( -1080.000 -127.059  306.142  )
( -1080.000 -127.059  314.646  )
( -1080.000 -127.059  323.150  )
( -1080.000 -127.059  331.654  )
( -1080.000 -127.059  340.157  )
( -1080.000 -127.059  348.661  )
( -1080.000 -127.059  357.165  )
( -1080.000 -127.059  365.669  )
( -1080.000 -120.000  000.000  )
( -1080.000 -120.000  008.504  )
( -1080.000 -120.000  017.008  )
( -1080.000 -120.000  025.512  )
( -1080.000 -120.000  034.016  )
( -1080.000 -120.000  042.520  )
( -1080.000 -120.000  051.024  )
( -1080.000 -120.000  059.528  )
( -1080.000 -120.000  068.031  )
( -1080.000 -120.000  076.535  )
( -1080.000 -120.000  085.039  )
( -1080.000 -120.000  093.543  )
( -1080.000 -120.000  102.047  )
( -1080.000 -120.000  110.551  )
( -1080.000 -120.000  119.055  )
( -1080.000 -120.000  127.559  )
( -1080.000 -120.000  136.063  )
( -1080.000 -120.000  144.567  )
( -1080.000 -120.000  153.071  )
( -1080.000 -120.000  161.575  )
( -1080.000 -120.000  170.079  )
( -1080.000 -120.000  178.583  )
( -1080.000 -120.000  187.087  )
( -1080.000 -120.000  195.591  )
( -1080.000 -120.000  204.094  )
( -1080.000 -120.000  212.598  )
( -1080.000 -120.000  221.102  )
( -1080.000 -120.000  229.606  )
( -1080.000 -120.000  238.110  )
( -1080.000 -120.000  246.614  )
( -1080.000 -120.000  255.118  )
( -1080.000 -120.000  263.622  )
( -1080.000 -120.000  272.126  )
( -1080.000 -120.000  280.630  )
( -1080.000 -120.000  289.134  )
( -1080.000 -120.000  297.638  )
( -1080.000 -120.000  306.142  )
( -1080.000 -120.000  314.646  )
( -1080.000 -120.000  323.150  )
( -1080.000 -120.000  331.654  )
( -1080.000 -120.000  340.157  )
( -1080.000 -120.000  348.661  )
( -1080.000 -120.000  357.165  )
( -1080.000 -120.000  365.669  )
( -1080.000 -112.941  000.000  )
( -1080.000 -112.941  008.504  )
( -1080.000 -112.941  017.008  )
( -1080.000 -112.941  025.512  )
( -1080.000 -112.941  034.016  )
( -1080.000 -112.941  042.520  )
( -1080.000 -112.941  051.024  )
( -1080.000 -112.941  059.528  )
( -1080.000 -112.941  068.031  )
( -1080.000 -112.941  076.535  )
( -1080.000 -112.941  085.039  )
( -1080.000 -112.941  093.543  )
( -1080.000 -112.941  102.047  )
( -1080.000 -112.941  110.551  )
( -1080.000 -112.941  119.055  )
( -1080.000 -112.941  127.559  )
( -1080.000 -112.941  136.063  )
( -1080.000 -112.941  144.567  )
( -1080.000 -112.941  153.071  )
( -1080.000 -112.941  161.575  )
( -1080.000 -112.941  170.079  )
( -1080.000 -112.941  178.583  )
( -1080.000 -112.941  187.087  )
( -1080.000 -112.941  195.591  )
( -1080.000 -112.941  204.094  )
( -1080.000 -112.941  212.598  )
( -1080.000 -112.941  221.102  )
( -1080.000 -112.941  229.606  )
( -1080.000 -112.941  238.110  )
( -1080.000 -112.941  246.614  )
( -1080.000 -112.941  255.118  )
( -1080.000 -112.941  263.622  )
( -1080.000 -112.941  272.126  )
( -1080.000 -112.941  280.630  )
( -1080.000 -112.941  289.134  )
( -1080.000 -112.941  297.638  )
( -1080.000 -112.941  306.142  )
( -1080.000 -112.941  314.646  )
( -1080.000 -112.941  323.150  )
( -1080.000 -112.941  331.654  )
( -1080.000 -112.941  340.157  )
( -1080.000 -112.941  348.661  )
( -1080.000 -112.941  357.165  )
( -1080.000 -112.941  365.669  )
( -1080.000 -105.882  000.000  )
( -1080.000 -105.882  008.504  )
( -1080.000 -105.882  017.008  )
( -1080.000 -105.882  025.512  )
( -1080.000 -105.882  034.016  )
( -1080.000 -105.882  042.520  )
( -1080.000 -105.882  051.024  )
( -1080.000 -105.882  059.528  )
( -1080.000 -105.882  068.031  )
( -1080.000 -105.882  076.535  )
( -1080.000 -105.882  085.039  )
( -1080.000 -105.882  093.543  )
( -1080.000 -105.882  102.047  )
( -1080.000 -105.882  110.551  )
( -1080.000 -105.882  119.055  )
( -1080.000 -105.882  127.559  )
( -1080.000 -105.882  136.063  )
( -1080.000 -105.882  144.567  )
( -1080.000 -105.882  153.071  )
( -1080.000 -105.882  161.575  )
( -1080.000 -105.882  170.079  )
( -1080.000 -105.882  178.583  )
( -1080.000 -105.882  187.087  )
( -1080.000 -105.882  195.591  )
( -1080.000 -105.882  204.094  )
( -1080.000 -105.882  212.598  )
( -1080.000 -105.882  221.102  )
( -1080.000 -105.882  229.606  )
( -1080.000 -105.882  238.110  )
( -1080.000 -105.882  246.614  )
( -1080.000 -105.882  255.118  )
( -1080.000 -105.882  263.622  )
( -1080.000 -105.882  272.126  )
( -1080.000 -105.882  280.630  )
( -1080.000 -105.882  289.134  )
( -1080.000 -105.882  297.638  )
( -1080.000 -105.882  306.142  )
( -1080.000 -105.882  314.646  )
( -1080.000 -105.882  323.150  )
( -1080.000 -105.882  331.654  )
( -1080.000 -105.882  340.157  )
( -1080.000 -105.882  348.661  )
( -1080.000 -105.882  357.165  )
( -1080.000 -105.882  365.669  )
( -1080.000 -098.824  000.000  )
( -1080.000 -098.824  008.504  )
( -1080.000 -098.824  017.008  )
( -1080.000 -098.824  025.512  )
( -1080.000 -098.824  034.016  )
( -1080.000 -098.824  042.520  )
( -1080.000 -098.824  051.024  )
( -1080.000 -098.824  059.528  )
( -1080.000 -098.824  068.031  )
( -1080.000 -098.824  076.535  )
( -1080.000 -098.824  085.039  )
( -1080.000 -098.824  093.543  )
( -1080.000 -098.824  102.047  )
( -1080.000 -098.824  110.551  )
( -1080.000 -098.824  119.055  )
( -1080.000 -098.824  127.559  )
( -1080.000 -098.824  136.063  )
( -1080.000 -098.824  144.567  )
( -1080.000 -098.824  153.071  )
( -1080.000 -098.824  161.575  )
( -1080.000 -098.824  170.079  )
( -1080.000 -098.824  178.583  )
( -1080.000 -098.824  187.087  )
( -1080.000 -098.824  195.591  )
( -1080.000 -098.824  204.094  )
( -1080.000 -098.824  212.598  )
( -1080.000 -098.824  221.102  )
( -1080.000 -098.824  229.606  )
( -1080.000 -098.824  238.110  )
( -1080.000 -098.824  246.614  )
( -1080.000 -098.824  255.118  )
( -1080.000 -098.824  263.622  )
( -1080.000 -098.824  272.126  )
( -1080.000 -098.824  280.630  )
( -1080.000 -098.824  289.134  )
( -1080.000 -098.824  297.638  )
( -1080.000 -098.824  306.142  )
( -1080.000 -098.824  314.646  )
( -1080.000 -098.824  323.150  )
( -1080.000 -098.824  331.654  )
( -1080.000 -098.824  340.157  )
( -1080.000 -098.824  348.661  )
( -1080.000 -098.824  357.165  )
( -1080.000 -098.824  365.669  )
( -1080.000 -091.765  000.000  )
( -1080.000 -091.765  008.504  )
( -1080.000 -091.765  017.008  )
( -1080.000 -091.765  025.512  )
( -1080.000 -091.765  034.016  )
( -1080.000 -091.765  042.520  )
( -1080.000 -091.765  051.024  )
( -1080.000 -091.765  059.528  )
( -1080.000 -091.765  068.031  )
( -1080.000 -091.765  076.535  )
( -1080.000 -091.765  085.039  )
( -1080.000 -091.765  093.543  )
( -1080.000 -091.765  102.047  )
( -1080.000 -091.765  110.551  )
( -1080.000 -091.765  119.055  )
( -1080.000 -091.765  127.559  )
( -1080.000 -091.765  136.063  )
( -1080.000 -091.765  144.567  )
( -1080.000 -091.765  153.071  )
( -1080.000 -091.765  161.575  )
( -1080.000 -091.765  170.079  )
( -1080.000 -091.765  178.583  )
( -1080.000 -091.765  187.087  )
( -1080.000 -091.765  195.591  )
( -1080.000 -091.765  204.094  )
( -1080.000 -091.765  212.598  )
( -1080.000 -091.765  221.102  )
( -1080.000 -091.765  229.606  )
( -1080.000 -091.765  238.110  )
( -1080.000 -091.765  246.614  )
( -1080.000 -091.765  255.118  )
( -1080.000 -091.765  263.622  )
( -1080.000 -091.765  272.126  )
( -1080.000 -091.765  280.630  )
( -1080.000 -091.765  289.134  )
( -1080.000 -091.765  297.638  )
( -1080.000 -091.765  306.142  )
( -1080.000 -091.765  314.646  )
( -1080.000 -091.765  323.150  )
( -1080.000 -091.765  331.654  )
( -1080.000 -091.765  340.157  )
( -1080.000 -091.765  348.661  )
( -1080.000 -091.765  357.165  )
( -1080.000 -091.765  365.669  )
( -1080.000 -084.706  000.000  )
( -1080.000 -084.706  008.504  )
( -1080.000 -084.706  017.008  )
( -1080.000 -084.706  025.512  )
( -1080.000 -084.706  034.016  )
( -1080.000 -084.706  042.520  )
( -1080.000 -084.706  051.024  )
( -1080.000 -084.706  059.528  )
( -1080.000 -084.706  068.031  )
( -1080.000 -084.706  076.535  )
( -1080.000 -084.706  085.039  )
( -1080.000 -084.706  093.543  )
( -1080.000 -084.706  102.047  )
( -1080.000 -084.706  110.551  )
( -1080.000 -084.706  119.055  )
( -1080.000 -084.706  127.559  )
( -1080.000 -084.706  136.063  )
( -1080.000 -084.706  144.567  )
( -1080.000 -084.706  153.071  )
( -1080.000 -084.706  161.575  )
( -1080.000 -084.706  170.079  )
( -1080.000 -084.706  178.583  )
( -1080.000 -084.706  187.087  )
( -1080.000 -084.706  195.591  )
( -1080.000 -084.706  204.094  )
( -1080.000 -084.706  212.598  )
( -1080.000 -084.706  221.102  )
( -1080.000 -084.706  229.606  )
( -1080.000 -084.706  238.110  )
( -1080.000 -084.706  246.614  )
( -1080.000 -084.706  255.118  )
( -1080.000 -084.706  263.622  )
( -1080.000 -084.706  272.126  )
( -1080.000 -084.706  280.630  )
( -1080.000 -084.706  289.134  )
( -1080.000 -084.706  297.638  )
( -1080.000 -084.706  306.142  )
( -1080.000 -084.706  314.646  )
( -1080.000 -084.706  323.150  )
( -1080.000 -084.706  331.654  )
( -1080.000 -084.706  340.157  )
( -1080.000 -084.706  348.661  )
( -1080.000 -084.706  357.165  )
( -1080.000 -084.706  365.669  )
( -1080.000 -077.647  000.000  )
( -1080.000 -077.647  008.504  )
( -1080.000 -077.647  017.008  )
( -1080.000 -077.647  025.512  )
( -1080.000 -077.647  034.016  )
( -1080.000 -077.647  042.520  )
( -1080.000 -077.647  051.024  )
( -1080.000 -077.647  059.528  )
( -1080.000 -077.647  068.031  )
( -1080.000 -077.647  076.535  )
( -1080.000 -077.647  085.039  )
( -1080.000 -077.647  093.543  )
( -1080.000 -077.647  102.047  )
( -1080.000 -077.647  110.551  )
( -1080.000 -077.647  119.055  )
( -1080.000 -077.647  127.559  )
( -1080.000 -077.647  136.063  )
( -1080.000 -077.647  144.567  )
( -1080.000 -077.647  153.071  )
( -1080.000 -077.647  161.575  )
( -1080.000 -077.647  170.079  )
( -1080.000 -077.647  178.583  )
( -1080.000 -077.647  187.087  )
( -1080.000 -077.647  195.591  )
( -1080.000 -077.647  204.094  )
( -1080.000 -077.647  212.598  )
( -1080.000 -077.647  221.102  )
( -1080.000 -077.647  229.606  )
( -1080.000 -077.647  238.110  )
( -1080.000 -077.647  246.614  )
( -1080.000 -077.647  255.118  )
( -1080.000 -077.647  263.622  )
( -1080.000 -077.647  272.126  )
( -1080.000 -077.647  280.630  )
( -1080.000 -077.647  289.134  )
( -1080.000 -077.647  297.638  )
( -1080.000 -077.647  306.142  )
( -1080.000 -077.647  314.646  )
( -1080.000 -077.647  323.150  )
( -1080.000 -077.647  331.654  )
( -1080.000 -077.647  340.157  )
( -1080.000 -077.647  348.661  )
( -1080.000 -077.647  357.165  )
( -1080.000 -077.647  365.669  )
( -1080.000 -070.588  000.000  )
( -1080.000 -070.588  008.504  )
( -1080.000 -070.588  017.008  )
( -1080.000 -070.588  025.512  )
( -1080.000 -070.588  034.016  )
( -1080.000 -070.588  042.520  )
( -1080.000 -070.588  051.024  )
( -1080.000 -070.588  059.528  )
( -1080.000 -070.588  068.031  )
( -1080.000 -070.588  076.535  )
( -1080.000 -070.588  085.039  )
( -1080.000 -070.588  093.543  )
( -1080.000 -070.588  102.047  )
( -1080.000 -070.588  110.551  )
( -1080.000 -070.588  119.055  )
( -1080.000 -070.588  127.559  )
( -1080.000 -070.588  136.063  )
( -1080.000 -070.588  144.567  )
( -1080.000 -070.588  153.071  )
( -1080.000 -070.588  161.575  )
( -1080.000 -070.588  170.079  )
( -1080.000 -070.588  178.583  )
( -1080.000 -070.588  187.087  )
( -1080.000 -070.588  195.591  )
( -1080.000 -070.588  204.094  )
( -1080.000 -070.588  212.598  )
( -1080.000 -070.588  221.102  )
( -1080.000 -070.588  229.606  )
( -1080.000 -070.588  238.110  )
( -1080.000 -070.588  246.614  )
( -1080.000 -070.588  255.118  )
( -1080.000 -070.588  263.622  )
( -1080.000 -070.588  272.126  )
( -1080.000 -070.588  280.630  )
( -1080.000 -070.588  289.134  )
( -1080.000 -070.588  297.638  )
( -1080.000 -070.588  306.142  )
( -1080.000 -070.588  314.646  )
( -1080.000 -070.588  323.150  )
( -1080.000 -070.588  331.654  )
( -1080.000 -070.588  340.157  )
( -1080.000 -070.588  348.661  )
( -1080.000 -070.588  357.165  )
( -1080.000 -070.588  365.669  )
( -1080.000 -063.529  000.000  )
( -1080.000 -063.529  008.504  )
( -1080.000 -063.529  017.008  )
( -1080.000 -063.529  025.512  )
( -1080.000 -063.529  034.016  )
( -1080.000 -063.529  042.520  )
( -1080.000 -063.529  051.024  )
( -1080.000 -063.529  059.528  )
( -1080.000 -063.529  068.031  )
( -1080.000 -063.529  076.535  )
( -1080.000 -063.529  085.039  )
( -1080.000 -063.529  093.543  )
( -1080.000 -063.529  102.047  )
( -1080.000 -063.529  110.551  )
( -1080.000 -063.529  119.055  )
( -1080.000 -063.529  127.559  )
( -1080.000 -063.529  136.063  )
( -1080.000 -063.529  144.567  )
( -1080.000 -063.529  153.071  )
( -1080.000 -063.529  161.575  )
( -1080.000 -063.529  170.079  )
( -1080.000 -063.529  178.583  )
( -1080.000 -063.529  187.087  )
( -1080.000 -063.529  195.591  )
( -1080.000 -063.529  204.094  )
( -1080.000 -063.529  212.598  )
( -1080.000 -063.529  221.102  )
( -1080.000 -063.529  229.606  )
( -1080.000 -063.529  238.110  )
( -1080.000 -063.529  246.614  )
( -1080.000 -063.529  255.118  )
( -1080.000 -063.529  263.622  )
( -1080.000 -063.529  272.126  )
( -1080.000 -063.529  280.630  )
( -1080.000 -063.529  289.134  )
( -1080.000 -063.529  297.638  )
( -1080.000 -063.529  306.142  )
( -1080.000 -063.529  314.646  )
( -1080.000 -063.529  323.150  )
( -1080.000 -063.529  331.654  )
( -1080.000 -063.529  340.157  )
( -1080.000 -063.529  348.661  )
( -1080.000 -063.529  357.165  )
( -1080.000 -063.529  365.669  )
( -1080.000 -056.471  000.000  )
( -1080.000 -056.471  008.504  )
( -1080.000 -056.471  017.008  )
( -1080.000 -056.471  025.512  )
( -1080.000 -056.471  034.016  )
( -1080.000 -056.471  042.520  )
( -1080.000 -056.471  051.024  )
( -1080.000 -056.471  059.528  )
( -1080.000 -056.471  068.031  )
( -1080.000 -056.471  076.535  )
( -1080.000 -056.471  085.039  )
( -1080.000 -056.471  093.543  )
( -1080.000 -056.471  102.047  )
( -1080.000 -056.471  110.551  )
( -1080.000 -056.471  119.055  )
( -1080.000 -056.471  127.559  )
( -1080.000 -056.471  136.063  )
( -1080.000 -056.471  144.567  )
( -1080.000 -056.471  153.071  )
( -1080.000 -056.471  161.575  )
( -1080.000 -056.471  170.079  )
( -1080.000 -056.471  178.583  )
( -1080.000 -056.471  187.087  )
( -1080.000 -056.471  195.591  )
( -1080.000 -056.471  204.094  )
( -1080.000 -056.471  212.598  )
( -1080.000 -056.471  221.102  )
( -1080.000 -056.471  229.606  )
( -1080.000 -056.471  238.110  )
( -1080.000 -056.471  246.614  )
( -1080.000 -056.471  255.118  )
( -1080.000 -056.471  263.622  )
( -1080.000 -056.471  272.126  )
( -1080.000 -056.471  280.630  )
( -1080.000 -056.471  289.134  )
( -1080.000 -056.471  297.638  )
( -1080.000 -056.471  306.142  )
( -1080.000 -056.471  314.646  )
( -1080.000 -056.471  323.150  )
( -1080.000 -056.471  331.654  )
( -1080.000 -056.471  340.157  )
( -1080.000 -056.471  348.661  )
( -1080.000 -056.471  357.165  )
( -1080.000 -056.471  365.669  )
( -1080.000 -049.412  000.000  )
( -1080.000 -049.412  008.504  )
( -1080.000 -049.412  017.008  )
( -1080.000 -049.412  025.512  )
( -1080.000 -049.412  034.016  )
( -1080.000 -049.412  042.520  )
( -1080.000 -049.412  051.024  )
( -1080.000 -049.412  059.528  )
( -1080.000 -049.412  068.031  )
( -1080.000 -049.412  076.535  )
( -1080.000 -049.412  085.039  )
( -1080.000 -049.412  093.543  )
( -1080.000 -049.412  102.047  )
( -1080.000 -049.412  110.551  )
( -1080.000 -049.412  119.055  )
( -1080.000 -049.412  127.559  )
( -1080.000 -049.412  136.063  )
( -1080.000 -049.412  144.567  )
( -1080.000 -049.412  153.071  )
( -1080.000 -049.412  161.575  )
( -1080.000 -049.412  170.079  )
( -1080.000 -049.412  178.583  )
( -1080.000 -049.412  187.087  )
( -1080.000 -049.412  195.591  )
( -1080.000 -049.412  204.094  )
( -1080.000 -049.412  212.598  )
( -1080.000 -049.412  221.102  )
( -1080.000 -049.412  229.606  )
( -1080.000 -049.412  238.110  )
( -1080.000 -049.412  246.614  )
( -1080.000 -049.412  255.118  )
( -1080.000 -049.412  263.622  )
( -1080.000 -049.412  272.126  )
( -1080.000 -049.412  280.630  )
( -1080.000 -049.412  289.134  )
( -1080.000 -049.412  297.638  )
( -1080.000 -049.412  306.142  )
( -1080.000 -049.412  314.646  )
( -1080.000 -049.412  323.150  )
( -1080.000 -049.412  331.654  )
( -1080.000 -049.412  340.157  )
( -1080.000 -049.412  348.661  )
( -1080.000 -049.412  357.165  )
( -1080.000 -049.412  365.669  )
( -1080.000 -042.353  000.000  )
( -1080.000 -042.353  008.504  )
( -1080.000 -042.353  017.008  )
( -1080.000 -042.353  025.512  )
( -1080.000 -042.353  034.016  )
( -1080.000 -042.353  042.520  )
( -1080.000 -042.353  051.024  )
( -1080.000 -042.353  059.528  )
( -1080.000 -042.353  068.031  )
( -1080.000 -042.353  076.535  )
( -1080.000 -042.353  085.039  )
( -1080.000 -042.353  093.543  )
( -1080.000 -042.353  102.047  )
( -1080.000 -042.353  110.551  )
( -1080.000 -042.353  119.055  )
( -1080.000 -042.353  127.559  )
( -1080.000 -042.353  136.063  )
( -1080.000 -042.353  144.567  )
( -1080.000 -042.353  153.071  )
( -1080.000 -042.353  161.575  )
( -1080.000 -042.353  170.079  )
( -1080.000 -042.353  178.583  )
( -1080.000 -042.353  187.087  )
( -1080.000 -042.353  195.591  )
( -1080.000 -042.353  204.094  )
( -1080.000 -042.353  212.598  )
( -1080.000 -042.353  221.102  )
( -1080.000 -042.353  229.606  )
( -1080.000 -042.353  238.110  )
( -1080.000 -042.353  246.614  )
( -1080.000 -042.353  255.118  )
( -1080.000 -042.353  263.622  )
( -1080.000 -042.353  272.126  )
( -1080.000 -042.353  280.630  )
( -1080.000 -042.353  289.134  )
( -1080.000 -042.353  297.638  )
( -1080.000 -042.353  306.142  )
( -1080.000 -042.353  314.646  )
( -1080.000 -042.353  323.150  )
( -1080.000 -042.353  331.654  )
( -1080.000 -042.353  340.157  )
( -1080.000 -042.353  348.661  )
( -1080.000 -042.353  357.165  )
( -1080.000 -042.353  365.669  )
( -1080.000 -035.294  000.000  )
( -1080.000 -035.294  008.504  )
( -1080.000 -035.294  017.008  )
( -1080.000 -035.294  025.512  )
( -1080.000 -035.294  034.016  )
( -1080.000 -035.294  042.520  )
( -1080.000 -035.294  051.024  )
( -1080.000 -035.294  059.528  )
( -1080.000 -035.294  068.031  )
( -1080.000 -035.294  076.535  )
( -1080.000 -035.294  085.039  )
( -1080.000 -035.294  093.543  )
( -1080.000 -035.294  102.047  )
( -1080.000 -035.294  110.551  )
( -1080.000 -035.294  119.055  )
( -1080.000 -035.294  127.559  )
( -1080.000 -035.294  136.063  )
( -1080.000 -035.294  144.567  )
( -1080.000 -035.294  153.071  )
( -1080.000 -035.294  161.575  )
( -1080.000 -035.294  170.079  )
( -1080.000 -035.294  178.583  )
( -1080.000 -035.294  187.087  )
( -1080.000 -035.294  195.591  )
( -1080.000 -035.294  204.094  )
( -1080.000 -035.294  212.598  )
( -1080.000 -035.294  221.102  )
( -1080.000 -035.294  229.606  )
( -1080.000 -035.294  238.110  )
( -1080.000 -035.294  246.614  )
( -1080.000 -035.294  255.118  )
( -1080.000 -035.294  263.622  )
( -1080.000 -035.294  272.126  )
( -1080.000 -035.294  280.630  )
( -1080.000 -035.294  289.134  )
( -1080.000 -035.294  297.638  )
( -1080.000 -035.294  306.142  )
( -1080.000 -035.294  314.646  )
( -1080.000 -035.294  323.150  )
( -1080.000 -035.294  331.654  )
( -1080.000 -035.294  340.157  )
( -1080.000 -035.294  348.661  )
( -1080.000 -035.294  357.165  )
( -1080.000 -035.294  365.669  )
( -1080.000 -028.235  000.000  )
( -1080.000 -028.235  008.504  )
( -1080.000 -028.235  017.008  )
( -1080.000 -028.235  025.512  )
( -1080.000 -028.235  034.016  )
( -1080.000 -028.235  042.520  )
( -1080.000 -028.235  051.024  )
( -1080.000 -028.235  059.528  )
( -1080.000 -028.235  068.031  )
( -1080.000 -028.235  076.535  )
( -1080.000 -028.235  085.039  )
( -1080.000 -028.235  093.543  )
( -1080.000 -028.235  102.047  )
( -1080.000 -028.235  110.551  )
( -1080.000 -028.235  119.055  )
( -1080.000 -028.235  127.559  )
( -1080.000 -028.235  136.063  )
( -1080.000 -028.235  144.567  )
( -1080.000 -028.235  153.071  )
( -1080.000 -028.235  161.575  )
( -1080.000 -028.235  170.079  )
( -1080.000 -028.235  178.583  )
( -1080.000 -028.235  187.087  )
( -1080.000 -028.235  195.591  )
( -1080.000 -028.235  204.094  )
( -1080.000 -028.235  212.598  )
( -1080.000 -028.235  221.102  )
( -1080.000 -028.235  229.606  )
( -1080.000 -028.235  238.110  )
( -1080.000 -028.235  246.614  )
( -1080.000 -028.235  255.118  )
( -1080.000 -028.235  263.622  )
( -1080.000 -028.235  272.126  )
( -1080.000 -028.235  280.630  )
( -1080.000 -028.235  289.134  )
( -1080.000 -028.235  297.638  )
( -1080.000 -028.235  306.142  )
( -1080.000 -028.235  314.646  )
( -1080.000 -028.235  323.150  )
( -1080.000 -028.235  331.654  )
( -1080.000 -028.235  340.157  )
( -1080.000 -028.235  348.661  )
( -1080.000 -028.235  357.165  )
( -1080.000 -028.235  365.669  )
( -1080.000 -021.176  000.000  )
( -1080.000 -021.176  008.504  )
( -1080.000 -021.176  017.008  )
( -1080.000 -021.176  025.512  )
( -1080.000 -021.176  034.016  )
( -1080.000 -021.176  042.520  )
( -1080.000 -021.176  051.024  )
( -1080.000 -021.176  059.528  )
( -1080.000 -021.176  068.031  )
( -1080.000 -021.176  076.535  )
( -1080.000 -021.176  085.039  )
( -1080.000 -021.176  093.543  )
( -1080.000 -021.176  102.047  )
( -1080.000 -021.176  110.551  )
( -1080.000 -021.176  119.055  )
( -1080.000 -021.176  127.559  )
( -1080.000 -021.176  136.063  )
( -1080.000 -021.176  144.567  )
( -1080.000 -021.176  153.071  )
( -1080.000 -021.176  161.575  )
( -1080.000 -021.176  170.079  )
( -1080.000 -021.176  178.583  )
( -1080.000 -021.176  187.087  )
( -1080.000 -021.176  195.591  )
( -1080.000 -021.176  204.094  )
( -1080.000 -021.176  212.598  )
( -1080.000 -021.176  221.102  )
( -1080.000 -021.176  229.606  )
( -1080.000 -021.176  238.110  )
( -1080.000 -021.176  246.614  )
( -1080.000 -021.176  255.118  )
( -1080.000 -021.176  263.622  )
( -1080.000 -021.176  272.126  )
( -1080.000 -021.176  280.630  )
( -1080.000 -021.176  289.134  )
( -1080.000 -021.176  297.638  )
( -1080.000 -021.176  306.142  )
( -1080.000 -021.176  314.646  )
( -1080.000 -021.176  323.150  )
( -1080.000 -021.176  331.654  )
( -1080.000 -021.176  340.157  )
( -1080.000 -021.176  348.661  )
( -1080.000 -021.176  357.165  )
( -1080.000 -021.176  365.669  )
( -1080.000 -014.118  000.000  )
( -1080.000 -014.118  008.504  )
( -1080.000 -014.118  017.008  )
( -1080.000 -014.118  025.512  )
( -1080.000 -014.118  034.016  )
( -1080.000 -014.118  042.520  )
( -1080.000 -014.118  051.024  )
( -1080.000 -014.118  059.528  )
( -1080.000 -014.118  068.031  )
( -1080.000 -014.118  076.535  )
( -1080.000 -014.118  085.039  )
( -1080.000 -014.118  093.543  )
( -1080.000 -014.118  102.047  )
( -1080.000 -014.118  110.551  )
( -1080.000 -014.118  119.055  )
( -1080.000 -014.118  127.559  )
( -1080.000 -014.118  136.063  )
( -1080.000 -014.118  144.567  )
( -1080.000 -014.118  153.071  )
( -1080.000 -014.118  161.575  )
( -1080.000 -014.118  170.079  )
( -1080.000 -014.118  178.583  )
( -1080.000 -014.118  187.087  )
( -1080.000 -014.118  195.591  )
( -1080.000 -014.118  204.094  )
( -1080.000 -014.118  212.598  )
( -1080.000 -014.118  221.102  )
( -1080.000 -014.118  229.606  )
( -1080.000 -014.118  238.110  )
( -1080.000 -014.118  246.614  )
( -1080.000 -014.118  255.118  )
( -1080.000 -014.118  263.622  )
( -1080.000 -014.118  272.126  )
( -1080.000 -014.118  280.630  )
( -1080.000 -014.118  289.134  )
( -1080.000 -014.118  297.638  )
( -1080.000 -014.118  306.142  )
( -1080.000 -014.118  314.646  )
( -1080.000 -014.118  323.150  )
( -1080.000 -014.118  331.654  )
( -1080.000 -014.118  340.157  )
( -1080.000 -014.118  348.661  )
( -1080.000 -014.118  357.165  )
( -1080.000 -014.118  365.669  )
( -1080.000 -007.059  000.000  )
( -1080.000 -007.059  008.504  )
( -1080.000 -007.059  017.008  )
( -1080.000 -007.059  025.512  )
( -1080.000 -007.059  034.016  )
( -1080.000 -007.059  042.520  )
( -1080.000 -007.059  051.024  )
( -1080.000 -007.059  059.528  )
( -1080.000 -007.059  068.031  )
( -1080.000 -007.059  076.535  )
( -1080.000 -007.059  085.039  )
( -1080.000 -007.059  093.543  )
( -1080.000 -007.059  102.047  )
( -1080.000 -007.059  110.551  )
( -1080.000 -007.059  119.055  )
( -1080.000 -007.059  127.559  )
( -1080.000 -007.059  136.063  )
( -1080.000 -007.059  144.567  )
( -1080.000 -007.059  153.071  )
( -1080.000 -007.059  161.575  )
( -1080.000 -007.059  170.079  )
( -1080.000 -007.059  178.583  )
( -1080.000 -007.059  187.087  )
( -1080.000 -007.059  195.591  )
( -1080.000 -007.059  204.094  )
( -1080.000 -007.059  212.598  )
( -1080.000 -007.059  221.102  )
( -1080.000 -007.059  229.606  )
( -1080.000 -007.059  238.110  )
( -1080.000 -007.059  246.614  )
( -1080.000 -007.059  255.118  )
( -1080.000 -007.059  263.622  )
( -1080.000 -007.059  272.126  )
( -1080.000 -007.059  280.630  )
( -1080.000 -007.059  289.134  )
( -1080.000 -007.059  297.638  )
( -1080.000 -007.059  306.142  )
( -1080.000 -007.059  314.646  )
( -1080.000 -007.059  323.150  )
( -1080.000 -007.059  331.654  )
( -1080.000 -007.059  340.157  )
( -1080.000 -007.059  348.661  )
( -1080.000 -007.059  357.165  )
( -1080.000 -007.059  365.669  )
( -1080.000  000.000  000.000  )
( -1080.000  000.000  008.504  )
( -1080.000  000.000  017.008  )
( -1080.000  000.000  025.512  )
( -1080.000  000.000  034.016  )
( -1080.000  000.000  042.520  )
( -1080.000  000.000  051.024  )
( -1080.000  000.000  059.528  )
( -1080.000  000.000  068.031  )
( -1080.000  000.000  076.535  )
( -1080.000  000.000  085.039  )
( -1080.000  000.000  093.543  )
( -1080.000  000.000  102.047  )
( -1080.000  000.000  110.551  )
( -1080.000  000.000  119.055  )
( -1080.000  000.000  127.559  )
( -1080.000  000.000  136.063  )
( -1080.000  000.000  144.567  )
( -1080.000  000.000  153.071  )
( -1080.000  000.000  161.575  )
( -1080.000  000.000  170.079  )
( -1080.000  000.000  178.583  )
( -1080.000  000.000  187.087  )
( -1080.000  000.000  195.591  )
( -1080.000  000.000  204.094  )
( -1080.000  000.000  212.598  )
( -1080.000  000.000  221.102  )
( -1080.000  000.000  229.606  )
( -1080.000  000.000  238.110  )
( -1080.000  000.000  246.614  )
( -1080.000  000.000  255.118  )
( -1080.000  000.000  263.622  )
( -1080.000  000.000  272.126  )
( -1080.000  000.000  280.630  )
( -1080.000  000.000  289.134  )
( -1080.000  000.000  297.638  )
( -1080.000  000.000  306.142  )
( -1080.000  000.000  314.646  )
( -1080.000  000.000  323.150  )
( -1080.000  000.000  331.654  )
( -1080.000  000.000  340.157  )
( -1080.000  000.000  348.661  )
( -1080.000  000.000  357.165  )
( -1080.000  000.000  365.669  )
( -1080.000  007.059  000.000  )
( -1080.000  007.059  008.504  )
( -1080.000  007.059  017.008  )
( -1080.000  007.059  025.512  )
( -1080.000  007.059  034.016  )
( -1080.000  007.059  042.520  )
( -1080.000  007.059  051.024  )
( -1080.000  007.059  059.528  )
( -1080.000  007.059  068.031  )
( -1080.000  007.059  076.535  )
( -1080.000  007.059  085.039  )
( -1080.000  007.059  093.543  )
( -1080.000  007.059  102.047  )
( -1080.000  007.059  110.551  )
( -1080.000  007.059  119.055  )
( -1080.000  007.059  127.559  )
( -1080.000  007.059  136.063  )
( -1080.000  007.059  144.567  )
( -1080.000  007.059  153.071  )
( -1080.000  007.059  161.575  )
( -1080.000  007.059  170.079  )
( -1080.000  007.059  178.583  )
( -1080.000  007.059  187.087  )
( -1080.000  007.059  195.591  )
( -1080.000  007.059  204.094  )
( -1080.000  007.059  212.598  )
( -1080.000  007.059  221.102  )
( -1080.000  007.059  229.606  )
( -1080.000  007.059  238.110  )
( -1080.000  007.059  246.614  )
( -1080.000  007.059  255.118  )
( -1080.000  007.059  263.622  )
( -1080.000  007.059  272.126  )
( -1080.000  007.059  280.630  )
( -1080.000  007.059  289.134  )
( -1080.000  007.059  297.638  )
( -1080.000  007.059  306.142  )
( -1080.000  007.059  314.646  )
( -1080.000  007.059  323.150  )
( -1080.000  007.059  331.654  )
( -1080.000  007.059  340.157  )
( -1080.000  007.059  348.661  )
( -1080.000  007.059  357.165  )
( -1080.000  007.059  365.669  )
( -1080.000  014.118  000.000  )
( -1080.000  014.118  008.504  )
( -1080.000  014.118  017.008  )
( -1080.000  014.118  025.512  )
( -1080.000  014.118  034.016  )
( -1080.000  014.118  042.520  )
( -1080.000  014.118  051.024  )
( -1080.000  014.118  059.528  )
( -1080.000  014.118  068.031  )
( -1080.000  014.118  076.535  )
( -1080.000  014.118  085.039  )
( -1080.000  014.118  093.543  )
( -1080.000  014.118  102.047  )
( -1080.000  014.118  110.551  )
( -1080.000  014.118  119.055  )
( -1080.000  014.118  127.559  )
( -1080.000  014.118  136.063  )
( -1080.000  014.118  144.567  )
( -1080.000  014.118  153.071  )
( -1080.000  014.118  161.575  )
( -1080.000  014.118  170.079  )
( -1080.000  014.118  178.583  )
( -1080.000  014.118  187.087  )
( -1080.000  014.118  195.591  )
( -1080.000  014.118  204.094  )
( -1080.000  014.118  212.598  )
( -1080.000  014.118  221.102  )
( -1080.000  014.118  229.606  )
( -1080.000  014.118  238.110  )
( -1080.000  014.118  246.614  )
( -1080.000  014.118  255.118  )
( -1080.000  014.118  263.622  )
( -1080.000  014.118  272.126  )
( -1080.000  014.118  280.630  )
( -1080.000  014.118  289.134  )
( -1080.000  014.118  297.638  )
( -1080.000  014.118  306.142  )
( -1080.000  014.118  314.646  )
( -1080.000  014.118  323.150  )
( -1080.000  014.118  331.654  )
( -1080.000  014.118  340.157  )
( -1080.000  014.118  348.661  )
( -1080.000  014.118  357.165  )
( -1080.000  014.118  365.669  )
( -1080.000  021.176  000.000  )
( -1080.000  021.176  008.504  )
( -1080.000  021.176  017.008  )
( -1080.000  021.176  025.512  )
( -1080.000  021.176  034.016  )
( -1080.000  021.176  042.520  )
( -1080.000  021.176  051.024  )
( -1080.000  021.176  059.528  )
( -1080.000  021.176  068.031  )
( -1080.000  021.176  076.535  )
( -1080.000  021.176  085.039  )
( -1080.000  021.176  093.543  )
( -1080.000  021.176  102.047  )
( -1080.000  021.176  110.551  )
( -1080.000  021.176  119.055  )
( -1080.000  021.176  127.559  )
( -1080.000  021.176  136.063  )
( -1080.000  021.176  144.567  )
( -1080.000  021.176  153.071  )
( -1080.000  021.176  161.575  )
( -1080.000  021.176  170.079  )
( -1080.000  021.176  178.583  )
( -1080.000  021.176  187.087  )
( -1080.000  021.176  195.591  )
( -1080.000  021.176  204.094  )
( -1080.000  021.176  212.598  )
( -1080.000  021.176  221.102  )
( -1080.000  021.176  229.606  )
( -1080.000  021.176  238.110  )
( -1080.000  021.176  246.614  )
( -1080.000  021.176  255.118  )
( -1080.000  021.176  263.622  )
( -1080.000  021.176  272.126  )
( -1080.000  021.176  280.630  )
( -1080.000  021.176  289.134  )
( -1080.000  021.176  297.638  )
( -1080.000  021.176  306.142  )
( -1080.000  021.176  314.646  )
( -1080.000  021.176  323.150  )
( -1080.000  021.176  331.654  )
( -1080.000  021.176  340.157  )
( -1080.000  021.176  348.661  )
( -1080.000  021.176  357.165  )
( -1080.000  021.176  365.669  )
( -1080.000  028.235  000.000  )
( -1080.000  028.235  008.504  )
( -1080.000  028.235  017.008  )
( -1080.000  028.235  025.512  )
( -1080.000  028.235  034.016  )
( -1080.000  028.235  042.520  )
( -1080.000  028.235  051.024  )
( -1080.000  028.235  059.528  )
( -1080.000  028.235  068.031  )
( -1080.000  028.235  076.535  )
( -1080.000  028.235  085.039  )
( -1080.000  028.235  093.543  )
( -1080.000  028.235  102.047  )
( -1080.000  028.235  110.551  )
( -1080.000  028.235  119.055  )
( -1080.000  028.235  127.559  )
( -1080.000  028.235  136.063  )
( -1080.000  028.235  144.567  )
( -1080.000  028.235  153.071  )
( -1080.000  028.235  161.575  )
( -1080.000  028.235  170.079  )
( -1080.000  028.235  178.583  )
( -1080.000  028.235  187.087  )
( -1080.000  028.235  195.591  )
( -1080.000  028.235  204.094  )
( -1080.000  028.235  212.598  )
( -1080.000  028.235  221.102  )
( -1080.000  028.235  229.606  )
( -1080.000  028.235  238.110  )
( -1080.000  028.235  246.614  )
( -1080.000  028.235  255.118  )
( -1080.000  028.235  263.622  )
( -1080.000  028.235  272.126  )
( -1080.000  028.235  280.630  )
( -1080.000  028.235  289.134  )
( -1080.000  028.235  297.638  )
( -1080.000  028.235  306.142  )
( -1080.000  028.235  314.646  )
( -1080.000  028.235  323.150  )
( -1080.000  028.235  331.654  )
( -1080.000  028.235  340.157  )
( -1080.000  028.235  348.661  )
( -1080.000  028.235  357.165  )
( -1080.000  028.235  365.669  )
( -1080.000  035.294  000.000  )
( -1080.000  035.294  008.504  )
( -1080.000  035.294  017.008  )
( -1080.000  035.294  025.512  )
( -1080.000  035.294  034.016  )
( -1080.000  035.294  042.520  )
( -1080.000  035.294  051.024  )
( -1080.000  035.294  059.528  )
( -1080.000  035.294  068.031  )
( -1080.000  035.294  076.535  )
( -1080.000  035.294  085.039  )
( -1080.000  035.294  093.543  )
( -1080.000  035.294  102.047  )
( -1080.000  035.294  110.551  )
( -1080.000  035.294  119.055  )
( -1080.000  035.294  127.559  )
( -1080.000  035.294  136.063  )
( -1080.000  035.294  144.567  )
( -1080.000  035.294  153.071  )
( -1080.000  035.294  161.575  )
( -1080.000  035.294  170.079  )
( -1080.000  035.294  178.583  )
( -1080.000  035.294  187.087  )
( -1080.000  035.294  195.591  )
( -1080.000  035.294  204.094  )
( -1080.000  035.294  212.598  )
( -1080.000  035.294  221.102  )
( -1080.000  035.294  229.606  )
( -1080.000  035.294  238.110  )
( -1080.000  035.294  246.614  )
( -1080.000  035.294  255.118  )
( -1080.000  035.294  263.622  )
( -1080.000  035.294  272.126  )
( -1080.000  035.294  280.630  )
( -1080.000  035.294  289.134  )
( -1080.000  035.294  297.638  )
( -1080.000  035.294  306.142  )
( -1080.000  035.294  314.646  )
( -1080.000  035.294  323.150  )
( -1080.000  035.294  331.654  )
( -1080.000  035.294  340.157  )
( -1080.000  035.294  348.661  )
( -1080.000  035.294  357.165  )
( -1080.000  035.294  365.669  )
( -1080.000  042.353  000.000  )
( -1080.000  042.353  008.504  )
( -1080.000  042.353  017.008  )
( -1080.000  042.353  025.512  )
( -1080.000  042.353  034.016  )
( -1080.000  042.353  042.520  )
( -1080.000  042.353  051.024  )
( -1080.000  042.353  059.528  )
( -1080.000  042.353  068.031  )
( -1080.000  042.353  076.535  )
( -1080.000  042.353  085.039  )
( -1080.000  042.353  093.543  )
( -1080.000  042.353  102.047  )
( -1080.000  042.353  110.551  )
( -1080.000  042.353  119.055  )
( -1080.000  042.353  127.559  )
( -1080.000  042.353  136.063  )
( -1080.000  042.353  144.567  )
( -1080.000  042.353  153.071  )
( -1080.000  042.353  161.575  )
( -1080.000  042.353  170.079  )
( -1080.000  042.353  178.583  )
( -1080.000  042.353  187.087  )
( -1080.000  042.353  195.591  )
( -1080.000  042.353  204.094  )
( -1080.000  042.353  212.598  )
( -1080.000  042.353  221.102  )
( -1080.000  042.353  229.606  )
( -1080.000  042.353  238.110  )
( -1080.000  042.353  246.614  )
( -1080.000  042.353  255.118  )
( -1080.000  042.353  263.622  )
( -1080.000  042.353  272.126  )
( -1080.000  042.353  280.630  )
( -1080.000  042.353  289.134  )
( -1080.000  042.353  297.638  )
( -1080.000  042.353  306.142  )
( -1080.000  042.353  314.646  )
( -1080.000  042.353  323.150  )
( -1080.000  042.353  331.654  )
( -1080.000  042.353  340.157  )
( -1080.000  042.353  348.661  )
( -1080.000  042.353  357.165  )
( -1080.000  042.353  365.669  )
( -1080.000  049.412  000.000  )
( -1080.000  049.412  008.504  )
( -1080.000  049.412  017.008  )
( -1080.000  049.412  025.512  )
( -1080.000  049.412  034.016  )
( -1080.000  049.412  042.520  )
( -1080.000  049.412  051.024  )
( -1080.000  049.412  059.528  )
( -1080.000  049.412  068.031  )
( -1080.000  049.412  076.535  )
( -1080.000  049.412  085.039  )
( -1080.000  049.412  093.543  )
( -1080.000  049.412  102.047  )
( -1080.000  049.412  110.551  )
( -1080.000  049.412  119.055  )
( -1080.000  049.412  127.559  )
( -1080.000  049.412  136.063  )
( -1080.000  049.412  144.567  )
( -1080.000  049.412  153.071  )
( -1080.000  049.412  161.575  )
( -1080.000  049.412  170.079  )
( -1080.000  049.412  178.583  )
( -1080.000  049.412  187.087  )
( -1080.000  049.412  195.591  )
( -1080.000  049.412  204.094  )
( -1080.000  049.412  212.598  )
( -1080.000  049.412  221.102  )
( -1080.000  049.412  229.606  )
( -1080.000  049.412  238.110  )
( -1080.000  049.412  246.614  )
( -1080.000  049.412  255.118  )
( -1080.000  049.412  263.622  )
( -1080.000  049.412  272.126  )
( -1080.000  049.412  280.630  )
( -1080.000  049.412  289.134  )
( -1080.000  049.412  297.638  )
( -1080.000  049.412  306.142  )
( -1080.000  049.412  314.646  )
( -1080.000  049.412  323.150  )
( -1080.000  049.412  331.654  )
( -1080.000  049.412  340.157  )
( -1080.000  049.412  348.661  )
( -1080.000  049.412  357.165  )
( -1080.000  049.412  365.669  )
( -1080.000  056.471  000.000  )
( -1080.000  056.471  008.504  )
( -1080.000  056.471  017.008  )
( -1080.000  056.471  025.512  )
( -1080.000  056.471  034.016  )
( -1080.000  056.471  042.520  )
( -1080.000  056.471  051.024  )
( -1080.000  056.471  059.528  )
( -1080.000  056.471  068.031  )
( -1080.000  056.471  076.535  )
( -1080.000  056.471  085.039  )
( -1080.000  056.471  093.543  )
( -1080.000  056.471  102.047  )
( -1080.000  056.471  110.551  )
( -1080.000  056.471  119.055  )
( -1080.000  056.471  127.559  )
( -1080.000  056.471  136.063  )
( -1080.000  056.471  144.567  )
( -1080.000  056.471  153.071  )
( -1080.000  056.471  161.575  )
( -1080.000  056.471  170.079  )
( -1080.000  056.471  178.583  )
( -1080.000  056.471  187.087  )
( -1080.000  056.471  195.591  )
( -1080.000  056.471  204.094  )
( -1080.000  056.471  212.598  )
( -1080.000  056.471  221.102  )
( -1080.000  056.471  229.606  )
( -1080.000  056.471  238.110  )
( -1080.000  056.471  246.614  )
( -1080.000  056.471  255.118  )
( -1080.000  056.471  263.622  )
( -1080.000  056.471  272.126  )
( -1080.000  056.471  280.630  )
( -1080.000  056.471  289.134  )
( -1080.000  056.471  297.638  )
( -1080.000  056.471  306.142  )
( -1080.000  056.471  314.646  )
( -1080.000  056.471  323.150  )
( -1080.000  056.471  331.654  )
( -1080.000  056.471  340.157  )
( -1080.000  056.471  348.661  )
( -1080.000  056.471  357.165  )
( -1080.000  056.471  365.669  )
( -1080.000  063.529  000.000  )
( -1080.000  063.529  008.504  )
( -1080.000  063.529  017.008  )
( -1080.000  063.529  025.512  )
( -1080.000  063.529  034.016  )
( -1080.000  063.529  042.520  )
( -1080.000  063.529  051.024  )
( -1080.000  063.529  059.528  )
( -1080.000  063.529  068.031  )
( -1080.000  063.529  076.535  )
( -1080.000  063.529  085.039  )
( -1080.000  063.529  093.543  )
( -1080.000  063.529  102.047  )
( -1080.000  063.529  110.551  )
( -1080.000  063.529  119.055  )
( -1080.000  063.529  127.559  )
( -1080.000  063.529  136.063  )
( -1080.000  063.529  144.567  )
( -1080.000  063.529  153.071  )
( -1080.000  063.529  161.575  )
( -1080.000  063.529  170.079  )
( -1080.000  063.529  178.583  )
( -1080.000  063.529  187.087  )
( -1080.000  063.529  195.591  )
( -1080.000  063.529  204.094  )
( -1080.000  063.529  212.598  )
( -1080.000  063.529  221.102  )
( -1080.000  063.529  229.606  )
( -1080.000  063.529  238.110  )
( -1080.000  063.529  246.614  )
( -1080.000  063.529  255.118  )
( -1080.000  063.529  263.622  )
( -1080.000  063.529  272.126  )
( -1080.000  063.529  280.630  )
( -1080.000  063.529  289.134  )
( -1080.000  063.529  297.638  )
( -1080.000  063.529  306.142  )
( -1080.000  063.529  314.646  )
( -1080.000  063.529  323.150  )
( -1080.000  063.529  331.654  )
( -1080.000  063.529  340.157  )
( -1080.000  063.529  348.661  )
( -1080.000  063.529  357.165  )
( -1080.000  063.529  365.669  )
( -1080.000  070.588  000.000  )
( -1080.000  070.588  008.504  )
( -1080.000  070.588  017.008  )
( -1080.000  070.588  025.512  )
( -1080.000  070.588  034.016  )
( -1080.000  070.588  042.520  )
( -1080.000  070.588  051.024  )
( -1080.000  070.588  059.528  )
( -1080.000  070.588  068.031  )
( -1080.000  070.588  076.535  )
( -1080.000  070.588  085.039  )
( -1080.000  070.588  093.543  )
( -1080.000  070.588  102.047  )
( -1080.000  070.588  110.551  )
( -1080.000  070.588  119.055  )
( -1080.000  070.588  127.559  )
( -1080.000  070.588  136.063  )
( -1080.000  070.588  144.567  )
( -1080.000  070.588  153.071  )
( -1080.000  070.588  161.575  )
( -1080.000  070.588  170.079  )
( -1080.000  070.588  178.583  )
( -1080.000  070.588  187.087  )
( -1080.000  070.588  195.591  )
( -1080.000  070.588  204.094  )
( -1080.000  070.588  212.598  )
( -1080.000  070.588  221.102  )
( -1080.000  070.588  229.606  )
( -1080.000  070.588  238.110  )
( -1080.000  070.588  246.614  )
( -1080.000  070.588  255.118  )
( -1080.000  070.588  263.622  )
( -1080.000  070.588  272.126  )
( -1080.000  070.588  280.630  )
( -1080.000  070.588  289.134  )
( -1080.000  070.588  297.638  )
( -1080.000  070.588  306.142  )
( -1080.000  070.588  314.646  )
( -1080.000  070.588  323.150  )
( -1080.000  070.588  331.654  )
( -1080.000  070.588  340.157  )
( -1080.000  070.588  348.661  )
( -1080.000  070.588  357.165  )
( -1080.000  070.588  365.669  )
( -1080.000  077.647  000.000  )
( -1080.000  077.647  008.504  )
( -1080.000  077.647  017.008  )
( -1080.000  077.647  025.512  )
( -1080.000  077.647  034.016  )
( -1080.000  077.647  042.520  )
( -1080.000  077.647  051.024  )
( -1080.000  077.647  059.528  )
( -1080.000  077.647  068.031  )
( -1080.000  077.647  076.535  )
( -1080.000  077.647  085.039  )
( -1080.000  077.647  093.543  )
( -1080.000  077.647  102.047  )
( -1080.000  077.647  110.551  )
( -1080.000  077.647  119.055  )
( -1080.000  077.647  127.559  )
( -1080.000  077.647  136.063  )
( -1080.000  077.647  144.567  )
( -1080.000  077.647  153.071  )
( -1080.000  077.647  161.575  )
( -1080.000  077.647  170.079  )
( -1080.000  077.647  178.583  )
( -1080.000  077.647  187.087  )
( -1080.000  077.647  195.591  )
( -1080.000  077.647  204.094  )
( -1080.000  077.647  212.598  )
( -1080.000  077.647  221.102  )
( -1080.000  077.647  229.606  )
( -1080.000  077.647  238.110  )
( -1080.000  077.647  246.614  )
( -1080.000  077.647  255.118  )
( -1080.000  077.647  263.622  )
( -1080.000  077.647  272.126  )
( -1080.000  077.647  280.630  )
( -1080.000  077.647  289.134  )
( -1080.000  077.647  297.638  )
( -1080.000  077.647  306.142  )
( -1080.000  077.647  314.646  )
( -1080.000  077.647  323.150  )
( -1080.000  077.647  331.654  )
( -1080.000  077.647  340.157  )
( -1080.000  077.647  348.661  )
( -1080.000  077.647  357.165  )
( -1080.000  077.647  365.669  )
( -1080.000  084.706  000.000  )
( -1080.000  084.706  008.504  )
( -1080.000  084.706  017.008  )
( -1080.000  084.706  025.512  )
( -1080.000  084.706  034.016  )
( -1080.000  084.706  042.520  )
( -1080.000  084.706  051.024  )
( -1080.000  084.706  059.528  )
( -1080.000  084.706  068.031  )
( -1080.000  084.706  076.535  )
( -1080.000  084.706  085.039  )
( -1080.000  084.706  093.543  )
( -1080.000  084.706  102.047  )
( -1080.000  084.706  110.551  )
( -1080.000  084.706  119.055  )
( -1080.000  084.706  127.559  )
( -1080.000  084.706  136.063  )
( -1080.000  084.706  144.567  )
( -1080.000  084.706  153.071  )
( -1080.000  084.706  161.575  )
( -1080.000  084.706  170.079  )
( -1080.000  084.706  178.583  )
( -1080.000  084.706  187.087  )
( -1080.000  084.706  195.591  )
( -1080.000  084.706  204.094  )
( -1080.000  084.706  212.598  )
( -1080.000  084.706  221.102  )
( -1080.000  084.706  229.606  )
( -1080.000  084.706  238.110  )
( -1080.000  084.706  246.614  )
( -1080.000  084.706  255.118  )
( -1080.000  084.706  263.622  )
( -1080.000  084.706  272.126  )
( -1080.000  084.706  280.630  )
( -1080.000  084.706  289.134  )
( -1080.000  084.706  297.638  )
( -1080.000  084.706  306.142  )
( -1080.000  084.706  314.646  )
( -1080.000  084.706  323.150  )
( -1080.000  084.706  331.654  )
( -1080.000  084.706  340.157  )
( -1080.000  084.706  348.661  )
( -1080.000  084.706  357.165  )
( -1080.000  084.706  365.669  )
( -1080.000  091.765  000.000  )
( -1080.000  091.765  008.504  )
( -1080.000  091.765  017.008  )
( -1080.000  091.765  025.512  )
( -1080.000  091.765  034.016  )
( -1080.000  091.765  042.520  )
( -1080.000  091.765  051.024  )
( -1080.000  091.765  059.528  )
( -1080.000  091.765  068.031  )
( -1080.000  091.765  076.535  )
( -1080.000  091.765  085.039  )
( -1080.000  091.765  093.543  )
( -1080.000  091.765  102.047  )
( -1080.000  091.765  110.551  )
( -1080.000  091.765  119.055  )
( -1080.000  091.765  127.559  )
( -1080.000  091.765  136.063  )
( -1080.000  091.765  144.567  )
( -1080.000  091.765  153.071  )
( -1080.000  091.765  161.575  )
( -1080.000  091.765  170.079  )
( -1080.000  091.765  178.583  )
( -1080.000  091.765  187.087  )
( -1080.000  091.765  195.591  )
( -1080.000  091.765  204.094  )
( -1080.000  091.765  212.598  )
( -1080.000  091.765  221.102  )
( -1080.000  091.765  229.606  )
( -1080.000  091.765  238.110  )
( -1080.000  091.765  246.614  )
( -1080.000  091.765  255.118  )
( -1080.000  091.765  263.622  )
( -1080.000  091.765  272.126  )
( -1080.000  091.765  280.630  )
( -1080.000  091.765  289.134  )
( -1080.000  091.765  297.638  )
( -1080.000  091.765  306.142  )
( -1080.000  091.765  314.646  )
( -1080.000  091.765  323.150  )
( -1080.000  091.765  331.654  )
( -1080.000  091.765  340.157  )
( -1080.000  091.765  348.661  )
( -1080.000  091.765  357.165  )
( -1080.000  091.765  365.669  )
( -1080.000  098.824  000.000  )
( -1080.000  098.824  008.504  )
( -1080.000  098.824  017.008  )
( -1080.000  098.824  025.512  )
( -1080.000  098.824  034.016  )
( -1080.000  098.824  042.520  )
( -1080.000  098.824  051.024  )
( -1080.000  098.824  059.528  )
( -1080.000  098.824  068.031  )
( -1080.000  098.824  076.535  )
( -1080.000  098.824  085.039  )
( -1080.000  098.824  093.543  )
( -1080.000  098.824  102.047  )
( -1080.000  098.824  110.551  )
( -1080.000  098.824  119.055  )
( -1080.000  098.824  127.559  )
( -1080.000  098.824  136.063  )
( -1080.000  098.824  144.567  )
( -1080.000  098.824  153.071  )
( -1080.000  098.824  161.575  )
( -1080.000  098.824  170.079  )
( -1080.000  098.824  178.583  )
( -1080.000  098.824  187.087  )
( -1080.000  098.824  195.591  )
( -1080.000  098.824  204.094  )
( -1080.000  098.824  212.598  )
( -1080.000  098.824  221.102  )
( -1080.000  098.824  229.606  )
( -1080.000  098.824  238.110  )
( -1080.000  098.824  246.614  )
( -1080.000  098.824  255.118  )
( -1080.000  098.824  263.622  )
( -1080.000  098.824  272.126  )
( -1080.000  098.824  280.630  )
( -1080.000  098.824  289.134  )
( -1080.000  098.824  297.638  )
( -1080.000  098.824  306.142  )
( -1080.000  098.824  314.646  )
( -1080.000  098.824  323.150  )
( -1080.000  098.824  331.654  )
( -1080.000  098.824  340.157  )
( -1080.000  098.824  348.661  )
( -1080.000  098.824  357.165  )
( -1080.000  098.824  365.669  )
( -1080.000  105.882  000.000  )
( -1080.000  105.882  008.504  )
( -1080.000  105.882  017.008  )
( -1080.000  105.882  025.512  )
( -1080.000  105.882  034.016  )
( -1080.000  105.882  042.520  )
( -1080.000  105.882  051.024  )
( -1080.000  105.882  059.528  )
( -1080.000  105.882  068.031  )
( -1080.000  105.882  076.535  )
( -1080.000  105.882  085.039  )
( -1080.000  105.882  093.543  )
( -1080.000  105.882  102.047  )
( -1080.000  105.882  110.551  )
( -1080.000  105.882  119.055  )
( -1080.000  105.882  127.559  )
( -1080.000  105.882  136.063  )
( -1080.000  105.882  144.567  )
( -1080.000  105.882  153.071  )
( -1080.000  105.882  161.575  )
( -1080.000  105.882  170.079  )
( -1080.000  105.882  178.583  )
( -1080.000  105.882  187.087  )
( -1080.000  105.882  195.591  )
( -1080.000  105.882  204.094  )
( -1080.000  105.882  212.598  )
( -1080.000  105.882  221.102  )
( -1080.000  105.882  229.606  )
( -1080.000  105.882  238.110  )
( -1080.000  105.882  246.614  )
( -1080.000  105.882  255.118  )
( -1080.000  105.882  263.622  )
( -1080.000  105.882  272.126  )
( -1080.000  105.882  280.630  )
( -1080.000  105.882  289.134  )
( -1080.000  105.882  297.638  )
( -1080.000  105.882  306.142  )
( -1080.000  105.882  314.646  )
( -1080.000  105.882  323.150  )
( -1080.000  105.882  331.654  )
( -1080.000  105.882  340.157  )
( -1080.000  105.882  348.661  )
( -1080.000  105.882  357.165  )
( -1080.000  105.882  365.669  )
( -1080.000  112.941  000.000  )
( -1080.000  112.941  008.504  )
( -1080.000  112.941  017.008  )
( -1080.000  112.941  025.512  )
( -1080.000  112.941  034.016  )
( -1080.000  112.941  042.520  )
( -1080.000  112.941  051.024  )
( -1080.000  112.941  059.528  )
( -1080.000  112.941  068.031  )
( -1080.000  112.941  076.535  )
( -1080.000  112.941  085.039  )
( -1080.000  112.941  093.543  )
( -1080.000  112.941  102.047  )
( -1080.000  112.941  110.551  )
( -1080.000  112.941  119.055  )
( -1080.000  112.941  127.559  )
( -1080.000  112.941  136.063  )
( -1080.000  112.941  144.567  )
( -1080.000  112.941  153.071  )
( -1080.000  112.941  161.575  )
( -1080.000  112.941  170.079  )
( -1080.000  112.941  178.583  )
( -1080.000  112.941  187.087  )
( -1080.000  112.941  195.591  )
( -1080.000  112.941  204.094  )
( -1080.000  112.941  212.598  )
( -1080.000  112.941  221.102  )
( -1080.000  112.941  229.606  )
( -1080.000  112.941  238.110  )
( -1080.000  112.941  246.614  )
( -1080.000  112.941  255.118  )
( -1080.000  112.941  263.622  )
( -1080.000  112.941  272.126  )
( -1080.000  112.941  280.630  )
( -1080.000  112.941  289.134  )
( -1080.000  112.941  297.638  )
( -1080.000  112.941  306.142  )
( -1080.000  112.941  314.646  )
( -1080.000  112.941  323.150  )
( -1080.000  112.941  331.654  )
( -1080.000  112.941  340.157  )
( -1080.000  112.941  348.661  )
( -1080.000  112.941  357.165  )
( -1080.000  112.941  365.669  )
( -1080.000  120.000  000.000  )
( -1080.000  120.000  008.504  )
( -1080.000  120.000  017.008  )
( -1080.000  120.000  025.512  )
( -1080.000  120.000  034.016  )
( -1080.000  120.000  042.520  )
( -1080.000  120.000  051.024  )
( -1080.000  120.000  059.528  )
( -1080.000  120.000  068.031  )
( -1080.000  120.000  076.535  )
( -1080.000  120.000  085.039  )
( -1080.000  120.000  093.543  )
( -1080.000  120.000  102.047  )
( -1080.000  120.000  110.551  )
( -1080.000  120.000  119.055  )
( -1080.000  120.000  127.559  )
( -1080.000  120.000  136.063  )
( -1080.000  120.000  144.567  )
( -1080.000  120.000  153.071  )
( -1080.000  120.000  161.575  )
( -1080.000  120.000  170.079  )
( -1080.000  120.000  178.583  )
( -1080.000  120.000  187.087  )
( -1080.000  120.000  195.591  )
( -1080.000  120.000  204.094  )
( -1080.000  120.000  212.598  )
( -1080.000  120.000  221.102  )
( -1080.000  120.000  229.606  )
( -1080.000  120.000  238.110  )
( -1080.000  120.000  246.614  )
( -1080.000  120.000  255.118  )
( -1080.000  120.000  263.622  )
( -1080.000  120.000  272.126  )
( -1080.000  120.000  280.630  )
( -1080.000  120.000  289.134  )
( -1080.000  120.000  297.638  )
( -1080.000  120.000  306.142  )
( -1080.000  120.000  314.646  )
( -1080.000  120.000  323.150  )
( -1080.000  120.000  331.654  )
( -1080.000  120.000  340.157  )
( -1080.000  120.000  348.661  )
( -1080.000  120.000  357.165  )
( -1080.000  120.000  365.669  )
( -1080.000  127.059  000.000  )
( -1080.000  127.059  008.504  )
( -1080.000  127.059  017.008  )
( -1080.000  127.059  025.512  )
( -1080.000  127.059  034.016  )
( -1080.000  127.059  042.520  )
( -1080.000  127.059  051.024  )
( -1080.000  127.059  059.528  )
( -1080.000  127.059  068.031  )
( -1080.000  127.059  076.535  )
( -1080.000  127.059  085.039  )
( -1080.000  127.059  093.543  )
( -1080.000  127.059  102.047  )
( -1080.000  127.059  110.551  )
( -1080.000  127.059  119.055  )
( -1080.000  127.059  127.559  )
( -1080.000  127.059  136.063  )
( -1080.000  127.059  144.567  )
( -1080.000  127.059  153.071  )
( -1080.000  127.059  161.575  )
( -1080.000  127.059  170.079  )
( -1080.000  127.059  178.583  )
( -1080.000  127.059  187.087  )
( -1080.000  127.059  195.591  )
( -1080.000  127.059  204.094  )
( -1080.000  127.059  212.598  )
( -1080.000  127.059  221.102  )
( -1080.000  127.059  229.606  )
( -1080.000  127.059  238.110  )
( -1080.000  127.059  246.614  )
( -1080.000  127.059  255.118  )
( -1080.000  127.059  263.622  )
( -1080.000  127.059  272.126  )
( -1080.000  127.059  280.630  )
( -1080.000  127.059  289.134  )
( -1080.000  127.059  297.638  )
( -1080.000  127.059  306.142  )
( -1080.000  127.059  314.646  )
( -1080.000  127.059  323.150  )
( -1080.000  127.059  331.654  )
( -1080.000  127.059  340.157  )
( -1080.000  127.059  348.661  )
( -1080.000  127.059  357.165  )
( -1080.000  127.059  365.669  )
( -1080.000  134.118  000.000  )
( -1080.000  134.118  008.504  )
( -1080.000  134.118  017.008  )
( -1080.000  134.118  025.512  )
( -1080.000  134.118  034.016  )
( -1080.000  134.118  042.520  )
( -1080.000  134.118  051.024  )
( -1080.000  134.118  059.528  )
( -1080.000  134.118  068.031  )
( -1080.000  134.118  076.535  )
( -1080.000  134.118  085.039  )
( -1080.000  134.118  093.543  )
( -1080.000  134.118  102.047  )
( -1080.000  134.118  110.551  )
( -1080.000  134.118  119.055  )
( -1080.000  134.118  127.559  )
( -1080.000  134.118  136.063  )
( -1080.000  134.118  144.567  )
( -1080.000  134.118  153.071  )
( -1080.000  134.118  161.575  )
( -1080.000  134.118  170.079  )
( -1080.000  134.118  178.583  )
( -1080.000  134.118  187.087  )
( -1080.000  134.118  195.591  )
( -1080.000  134.118  204.094  )
( -1080.000  134.118  212.598  )
( -1080.000  134.118  221.102  )
( -1080.000  134.118  229.606  )
( -1080.000  134.118  238.110  )
( -1080.000  134.118  246.614  )
( -1080.000  134.118  255.118  )
( -1080.000  134.118  263.622  )
( -1080.000  134.118  272.126  )
( -1080.000  134.118  280.630  )
( -1080.000  134.118  289.134  )
( -1080.000  134.118  297.638  )
( -1080.000  134.118  306.142  )
( -1080.000  134.118  314.646  )
( -1080.000  134.118  323.150  )
( -1080.000  134.118  331.654  )
( -1080.000  134.118  340.157  )
( -1080.000  134.118  348.661  )
( -1080.000  134.118  357.165  )
( -1080.000  134.118  365.669  )
( -1080.000  141.176  000.000  )
( -1080.000  141.176  008.504  )
( -1080.000  141.176  017.008  )
( -1080.000  141.176  025.512  )
( -1080.000  141.176  034.016  )
( -1080.000  141.176  042.520  )
( -1080.000  141.176  051.024  )
( -1080.000  141.176  059.528  )
( -1080.000  141.176  068.031  )
( -1080.000  141.176  076.535  )
( -1080.000  141.176  085.039  )
( -1080.000  141.176  093.543  )
( -1080.000  141.176  102.047  )
( -1080.000  141.176  110.551  )
( -1080.000  141.176  119.055  )
( -1080.000  141.176  127.559  )
( -1080.000  141.176  136.063  )
( -1080.000  141.176  144.567  )
( -1080.000  141.176  153.071  )
( -1080.000  141.176  161.575  )
( -1080.000  141.176  170.079  )
( -1080.000  141.176  178.583  )
( -1080.000  141.176  187.087  )
( -1080.000  141.176  195.591  )
( -1080.000  141.176  204.094  )
( -1080.000  141.176  212.598  )
( -1080.000  141.176  221.102  )
( -1080.000  141.176  229.606  )
( -1080.000  141.176  238.110  )
( -1080.000  141.176  246.614  )
( -1080.000  141.176  255.118  )
( -1080.000  141.176  263.622  )
( -1080.000  141.176  272.126  )
( -1080.000  141.176  280.630  )
( -1080.000  141.176  289.134  )
( -1080.000  141.176  297.638  )
( -1080.000  141.176  306.142  )
( -1080.000  141.176  314.646  )
( -1080.000  141.176  323.150  )
( -1080.000  141.176  331.654  )
( -1080.000  141.176  340.157  )
( -1080.000  141.176  348.661  )
( -1080.000  141.176  357.165  )
( -1080.000  141.176  365.669  )
( -1080.000  148.235  000.000  )
( -1080.000  148.235  008.504  )
( -1080.000  148.235  017.008  )
( -1080.000  148.235  025.512  )
( -1080.000  148.235  034.016  )
( -1080.000  148.235  042.520  )
( -1080.000  148.235  051.024  )
( -1080.000  148.235  059.528  )
( -1080.000  148.235  068.031  )
( -1080.000  148.235  076.535  )
( -1080.000  148.235  085.039  )
( -1080.000  148.235  093.543  )
( -1080.000  148.235  102.047  )
( -1080.000  148.235  110.551  )
( -1080.000  148.235  119.055  )
( -1080.000  148.235  127.559  )
( -1080.000  148.235  136.063  )
( -1080.000  148.235  144.567  )
( -1080.000  148.235  153.071  )
( -1080.000  148.235  161.575  )
( -1080.000  148.235  170.079  )
( -1080.000  148.235  178.583  )
( -1080.000  148.235  187.087  )
( -1080.000  148.235  195.591  )
( -1080.000  148.235  204.094  )
( -1080.000  148.235  212.598  )
( -1080.000  148.235  221.102  )
( -1080.000  148.235  229.606  )
( -1080.000  148.235  238.110  )
( -1080.000  148.235  246.614  )
( -1080.000  148.235  255.118  )
( -1080.000  148.235  263.622  )
( -1080.000  148.235  272.126  )
( -1080.000  148.235  280.630  )
( -1080.000  148.235  289.134  )
( -1080.000  148.235  297.638  )
( -1080.000  148.235  306.142  )
( -1080.000  148.235  314.646  )
( -1080.000  148.235  323.150  )
( -1080.000  148.235  331.654  )
( -1080.000  148.235  340.157  )
( -1080.000  148.235  348.661  )
( -1080.000  148.235  357.165  )
( -1080.000  148.235  365.669  )
( -1080.000  155.294  000.000  )
( -1080.000  155.294  008.504  )
( -1080.000  155.294  017.008  )
( -1080.000  155.294  025.512  )
( -1080.000  155.294  034.016  )
( -1080.000  155.294  042.520  )
( -1080.000  155.294  051.024  )
( -1080.000  155.294  059.528  )
( -1080.000  155.294  068.031  )
( -1080.000  155.294  076.535  )
( -1080.000  155.294  085.039  )
( -1080.000  155.294  093.543  )
( -1080.000  155.294  102.047  )
( -1080.000  155.294  110.551  )
( -1080.000  155.294  119.055  )
( -1080.000  155.294  127.559  )
( -1080.000  155.294  136.063  )
( -1080.000  155.294  144.567  )
( -1080.000  155.294  153.071  )
( -1080.000  155.294  161.575  )
( -1080.000  155.294  170.079  )
( -1080.000  155.294  178.583  )
( -1080.000  155.294  187.087  )
( -1080.000  155.294  195.591  )
( -1080.000  155.294  204.094  )
( -1080.000  155.294  212.598  )
( -1080.000  155.294  221.102  )
( -1080.000  155.294  229.606  )
( -1080.000  155.294  238.110  )
( -1080.000  155.294  246.614  )
( -1080.000  155.294  255.118  )
( -1080.000  155.294  263.622  )
( -1080.000  155.294  272.126  )
( -1080.000  155.294  280.630  )
( -1080.000  155.294  289.134  )
( -1080.000  155.294  297.638  )
( -1080.000  155.294  306.142  )
( -1080.000  155.294  314.646  )
( -1080.000  155.294  323.150  )
( -1080.000  155.294  331.654  )
( -1080.000  155.294  340.157  )
( -1080.000  155.294  348.661  )
( -1080.000  155.294  357.165  )
( -1080.000  155.294  365.669  )
( -1080.000  162.353  000.000  )
( -1080.000  162.353  008.504  )
( -1080.000  162.353  017.008  )
( -1080.000  162.353  025.512  )
( -1080.000  162.353  034.016  )
( -1080.000  162.353  042.520  )
( -1080.000  162.353  051.024  )
( -1080.000  162.353  059.528  )
( -1080.000  162.353  068.031  )
( -1080.000  162.353  076.535  )
( -1080.000  162.353  085.039  )
( -1080.000  162.353  093.543  )
( -1080.000  162.353  102.047  )
( -1080.000  162.353  110.551  )
( -1080.000  162.353  119.055  )
( -1080.000  162.353  127.559  )
( -1080.000  162.353  136.063  )
( -1080.000  162.353  144.567  )
( -1080.000  162.353  153.071  )
( -1080.000  162.353  161.575  )
( -1080.000  162.353  170.079  )
( -1080.000  162.353  178.583  )
( -1080.000  162.353  187.087  )
( -1080.000  162.353  195.591  )
( -1080.000  162.353  204.094  )
( -1080.000  162.353  212.598  )
( -1080.000  162.353  221.102  )
( -1080.000  162.353  229.606  )
( -1080.000  162.353  238.110  )
( -1080.000  162.353  246.614  )
( -1080.000  162.353  255.118  )
( -1080.000  162.353  263.622  )
( -1080.000  162.353  272.126  )
( -1080.000  162.353  280.630  )
( -1080.000  162.353  289.134  )
( -1080.000  162.353  297.638  )
( -1080.000  162.353  306.142  )
( -1080.000  162.353  314.646  )
( -1080.000  162.353  323.150  )
( -1080.000  162.353  331.654  )
( -1080.000  162.353  340.157  )
( -1080.000  162.353  348.661  )
( -1080.000  162.353  357.165  )
( -1080.000  162.353  365.669  )
( -1080.000  169.412  000.000  )
( -1080.000  169.412  008.504  )
( -1080.000  169.412  017.008  )
( -1080.000  169.412  025.512  )
( -1080.000  169.412  034.016  )
( -1080.000  169.412  042.520  )
( -1080.000  169.412  051.024  )
( -1080.000  169.412  059.528  )
( -1080.000  169.412  068.031  )
( -1080.000  169.412  076.535  )
( -1080.000  169.412  085.039  )
( -1080.000  169.412  093.543  )
( -1080.000  169.412  102.047  )
( -1080.000  169.412  110.551  )
( -1080.000  169.412  119.055  )
( -1080.000  169.412  127.559  )
( -1080.000  169.412  136.063  )
( -1080.000  169.412  144.567  )
( -1080.000  169.412  153.071  )
( -1080.000  169.412  161.575  )
( -1080.000  169.412  170.079  )
( -1080.000  169.412  178.583  )
( -1080.000  169.412  187.087  )
( -1080.000  169.412  195.591  )
( -1080.000  169.412  204.094  )
( -1080.000  169.412  212.598  )
( -1080.000  169.412  221.102  )
( -1080.000  169.412  229.606  )
( -1080.000  169.412  238.110  )
( -1080.000  169.412  246.614  )
( -1080.000  169.412  255.118  )
( -1080.000  169.412  263.622  )
( -1080.000  169.412  272.126  )
( -1080.000  169.412  280.630  )
( -1080.000  169.412  289.134  )
( -1080.000  169.412  297.638  )
( -1080.000  169.412  306.142  )
( -1080.000  169.412  314.646  )
( -1080.000  169.412  323.150  )
( -1080.000  169.412  331.654  )
( -1080.000  169.412  340.157  )
( -1080.000  169.412  348.661  )
( -1080.000  169.412  357.165  )
( -1080.000  169.412  365.669  )
( -1080.000  176.471  000.000  )
( -1080.000  176.471  008.504  )
( -1080.000  176.471  017.008  )
( -1080.000  176.471  025.512  )
( -1080.000  176.471  034.016  )
( -1080.000  176.471  042.520  )
( -1080.000  176.471  051.024  )
( -1080.000  176.471  059.528  )
( -1080.000  176.471  068.031  )
( -1080.000  176.471  076.535  )
( -1080.000  176.471  085.039  )
( -1080.000  176.471  093.543  )
( -1080.000  176.471  102.047  )
( -1080.000  176.471  110.551  )
( -1080.000  176.471  119.055  )
( -1080.000  176.471  127.559  )
( -1080.000  176.471  136.063  )
( -1080.000  176.471  144.567  )
( -1080.000  176.471  153.071  )
( -1080.000  176.471  161.575  )
( -1080.000  176.471  170.079  )
( -1080.000  176.471  178.583  )
( -1080.000  176.471  187.087  )
( -1080.000  176.471  195.591  )
( -1080.000  176.471  204.094  )
( -1080.000  176.471  212.598  )
( -1080.000  176.471  221.102  )
( -1080.000  176.471  229.606  )
( -1080.000  176.471  238.110  )
( -1080.000  176.471  246.614  )
( -1080.000  176.471  255.118  )
( -1080.000  176.471  263.622  )
( -1080.000  176.471  272.126  )
( -1080.000  176.471  280.630  )
( -1080.000  176.471  289.134  )
( -1080.000  176.471  297.638  )
( -1080.000  176.471  306.142  )
( -1080.000  176.471  314.646  )
( -1080.000  176.471  323.150  )
( -1080.000  176.471  331.654  )
( -1080.000  176.471  340.157  )
( -1080.000  176.471  348.661  )
( -1080.000  176.471  357.165  )
( -1080.000  176.471  365.669  )
( -1080.000  183.529  000.000  )
( -1080.000  183.529  008.504  )
( -1080.000  183.529  017.008  )
( -1080.000  183.529  025.512  )
( -1080.000  183.529  034.016  )
( -1080.000  183.529  042.520  )
( -1080.000  183.529  051.024  )
( -1080.000  183.529  059.528  )
( -1080.000  183.529  068.031  )
( -1080.000  183.529  076.535  )
( -1080.000  183.529  085.039  )
( -1080.000  183.529  093.543  )
( -1080.000  183.529  102.047  )
( -1080.000  183.529  110.551  )
( -1080.000  183.529  119.055  )
( -1080.000  183.529  127.559  )
( -1080.000  183.529  136.063  )
( -1080.000  183.529  144.567  )
( -1080.000  183.529  153.071  )
( -1080.000  183.529  161.575  )
( -1080.000  183.529  170.079  )
( -1080.000  183.529  178.583  )
( -1080.000  183.529  187.087  )
( -1080.000  183.529  195.591  )
( -1080.000  183.529  204.094  )
( -1080.000  183.529  212.598  )
( -1080.000  183.529  221.102  )
( -1080.000  183.529  229.606  )
( -1080.000  183.529  238.110  )
( -1080.000  183.529  246.614  )
( -1080.000  183.529  255.118  )
( -1080.000  183.529  263.622  )
( -1080.000  183.529  272.126  )
( -1080.000  183.529  280.630  )
( -1080.000  183.529  289.134  )
( -1080.000  183.529  297.638  )
( -1080.000  183.529  306.142  )
( -1080.000  183.529  314.646  )
( -1080.000  183.529  323.150  )
( -1080.000  183.529  331.654  )
( -1080.000  183.529  340.157  )
( -1080.000  183.529  348.661  )
( -1080.000  183.529  357.165  )
( -1080.000  183.529  365.669  )
;
